1.670134067535400391e-01
1.670134067535400391e-01
1.670134067535400391e-01
1.670134067535400391e-01
1.670134067535400391e-01
1.670134067535400391e-01
1.670134067535400391e-01
1.670134067535400391e-01
1.658744215965270996e-01
1.590399742126464844e-01
1.522054672241210938e-01
1.453710794448852539e-01
1.385366320610046387e-01
1.317021846771240234e-01
1.248677968978881836e-01
1.180333495140075684e-01
1.111989021301269531e-01
1.043644547462463379e-01
9.753006696701049805e-02
9.069555997848510742e-02
8.386117219924926758e-02
7.702672481536865234e-02
7.019233703613281250e-02
6.335788965225219727e-02
5.652344226837158203e-02
5.195611715316772461e-02
4.965591430664062500e-02
4.735571146011352539e-02
4.505556821823120117e-02
4.275536537170410156e-02
4.045516252517700195e-02
3.815507888793945312e-02
3.585481643676757812e-02
3.355461359024047852e-02
3.125452995300292969e-02
2.895426750183105469e-02
2.665406465530395508e-02
2.435392141342163086e-02
2.205371856689453125e-02
1.975351572036743164e-02
1.745331287384033203e-02
1.515316963195800781e-02
2.032011747360229492e-02
2.698040008544921875e-02
3.364080190658569336e-02
4.030120372772216797e-02
4.696166515350341797e-02
5.362200736999511719e-02
6.028234958648681641e-02
6.694269180297851562e-02
7.360303401947021484e-02
8.026349544525146484e-02
8.692383766174316406e-02
9.358417987823486328e-02
1.002445816993713379e-01
1.069049835205078125e-01
1.135653257369995117e-01
1.202257275581359863e-01
1.260306239128112793e-01
1.275582313537597656e-01
1.290857791900634766e-01
1.306133270263671875e-01
1.321409940719604492e-01
1.336685419082641602e-01
1.351962089538574219e-01
1.367236971855163574e-01
1.382513642311096191e-01
1.397789716720581055e-01
1.413065791130065918e-01
1.428340673446655273e-01
1.443617343902587891e-01
1.458892822265625000e-01
1.474168896675109863e-01
1.489444971084594727e-01
1.504721045494079590e-01
1.502903103828430176e-01
1.483991146087646484e-01
1.465079188346862793e-01
1.446168422698974609e-01
1.427256464958190918e-01
1.408345103263854980e-01
1.389433145523071289e-01
1.370521783828735352e-01
1.351609826087951660e-01
1.332698464393615723e-01
1.313785910606384277e-01
1.294875144958496094e-01
1.275963187217712402e-01
1.257051825523376465e-01
1.238140463829040527e-01
1.219227910041809082e-01
1.200317144393920898e-01
1.179394125938415527e-01
1.158068776130676270e-01
1.136744022369384766e-01
1.115419268608093262e-01
1.094093918800354004e-01
1.072769761085510254e-01
1.051445007324218750e-01
1.030119657516479492e-01
1.008794903755187988e-01
9.874695539474487305e-02
9.661448001861572266e-02
9.448200464248657227e-02
9.234952926635742188e-02
9.021699428558349609e-02
8.808451890945434570e-02
8.595198392868041992e-02
8.391267061233520508e-02
8.233898878097534180e-02
8.076536655426025391e-02
7.919168472290039062e-02
7.761806249618530273e-02
7.604438066482543945e-02
7.447075843811035156e-02
7.289713621139526367e-02
7.132351398468017578e-02
6.974983215332031250e-02
6.817626953125000000e-02
6.660258769989013672e-02
6.502896547317504883e-02
6.345528364181518555e-02
6.188166141510009766e-02
6.030797958374023438e-02
5.873429775238037109e-02
5.619752407073974609e-02
5.269747972488403320e-02
4.919749498367309570e-02
4.569739103317260742e-02
4.219746589660644531e-02
3.869742155075073242e-02
3.519743680953979492e-02
3.169739246368408203e-02
2.819740772247314453e-02
2.469736337661743164e-02
2.119737863540649414e-02
1.769739389419555664e-02
1.419731974601745605e-02
1.069730520248413086e-02
7.197290658950805664e-03
3.697335720062255859e-03
1.973211765289306641e-04
0.000000000000000000e+00
4.631876945495605469e-04
9.265244007110595703e-04
1.389861106872558594e-03
1.853048801422119141e-03
2.316325902938842773e-03
2.779632806777954102e-03
3.242909908294677734e-03
3.706187009811401367e-03
4.169434309005737305e-03
4.632711410522460938e-03
5.095988512039184570e-03
5.559235811233520508e-03
6.022512912750244141e-03
6.485760211944580078e-03
6.949037313461303711e-03
8.171528577804565430e-03
1.318997144699096680e-02
1.820844411849975586e-02
2.322685718536376953e-02
2.824532985687255859e-02
3.326374292373657227e-02
3.828221559524536133e-02
4.330068826675415039e-02
4.831910133361816406e-02
5.333769321441650391e-02
5.835604667663574219e-02
6.337451934814453125e-02
6.839299201965332031e-02
7.341146469116210938e-02
7.842981815338134766e-02
8.344835042953491211e-02
8.846682310104370117e-02
9.103727340698242188e-02
9.115976095199584961e-02
9.128224849700927734e-02
9.140473604202270508e-02
9.152722358703613281e-02
9.164965152740478516e-02
9.177219867706298828e-02
9.189462661743164062e-02
9.201711416244506836e-02
9.213960170745849609e-02
9.226208925247192383e-02
9.238463640213012695e-02
9.250700473785400391e-02
9.262949228286743164e-02
9.275203943252563477e-02
9.287446737289428711e-02
9.299695491790771484e-02
9.362000226974487305e-02
9.434300661087036133e-02
9.506607055664062500e-02
9.578925371170043945e-02
9.651225805282592773e-02
9.723538160324096680e-02
9.795844554901123047e-02
9.868150949478149414e-02
9.940463304519653320e-02
1.001276373863220215e-01
1.008507609367370605e-01
1.015738844871520996e-01
1.022968888282775879e-01
1.030200123786926270e-01
1.037431359291076660e-01
1.044661402702331543e-01
1.051831841468811035e-01
1.058699488639831543e-01
1.065566539764404297e-01
1.072434186935424805e-01
1.079302430152893066e-01
1.086168885231018066e-01
1.093037128448486328e-01
1.099904179573059082e-01
1.106771826744079590e-01
1.113638877868652344e-01
1.120505928993225098e-01
1.127374172210693359e-01
1.134241223335266113e-01
1.141108870506286621e-01
1.147975921630859375e-01
1.154843568801879883e-01
1.161710619926452637e-01
1.168633103370666504e-01
1.175609827041625977e-01
1.182585954666137695e-01
1.189562678337097168e-01
1.196538805961608887e-01
1.203515529632568359e-01
1.210492253303527832e-01
1.217468976974487305e-01
1.224445700645446777e-01
1.231422424316406250e-01
1.238398551940917969e-01
1.245375275611877441e-01
1.252351999282836914e-01
1.259328126907348633e-01
1.266304254531860352e-01
1.273280978202819824e-01
1.280257701873779297e-01
1.281151771545410156e-01
1.280829906463623047e-01
1.280507445335388184e-01
1.280185580253601074e-01
1.279863119125366211e-01
1.279541254043579102e-01
1.279218792915344238e-01
1.278896927833557129e-01
1.278573870658874512e-01
1.278252601623535156e-01
1.277930140495300293e-01
1.277607679367065430e-01
1.277285218238830566e-01
1.276963353157043457e-01
1.276640892028808594e-01
1.276319026947021484e-01
1.277194023132324219e-01
1.284061074256896973e-01
1.290928125381469727e-01
1.297795176506042480e-01
1.304661035537719727e-01
1.311528682708740234e-01
1.318395137786865234e-01
1.325262188911437988e-01
1.332129240036010742e-01
1.338995695114135742e-01
1.345861554145812988e-01
1.352729797363281250e-01
1.359595060348510742e-01
1.366462707519531250e-01
1.373329758644104004e-01
1.380196213722229004e-01
1.387062668800354004e-01
1.387534737586975098e-01
1.381610631942749023e-01
1.375687122344970703e-01
1.369763612747192383e-01
1.363840103149414062e-01
1.357915997505187988e-01
1.351991891860961914e-01
1.346068382263183594e-01
1.340144872665405273e-01
1.334220767021179199e-01
1.328297853469848633e-01
1.322373747825622559e-01
1.316450238227844238e-01
1.310526728630065918e-01
1.304603219032287598e-01
1.298679113388061523e-01
1.292755603790283203e-01
1.302801370620727539e-01
1.316041350364685059e-01
1.329281926155090332e-01
1.342521309852600098e-01
1.355761885643005371e-01
1.369001865386962891e-01
1.382241845130920410e-01
1.395481228828430176e-01
1.408721208572387695e-01
1.421962380409240723e-01
1.435201168060302734e-01
1.448441743850708008e-01
1.461682915687561035e-01
1.474921703338623047e-01
1.488161683082580566e-01
1.501401662826538086e-01
1.518895626068115234e-01
1.557655930519104004e-01
1.596415638923645020e-01
1.635177135467529297e-01
1.673936247825622559e-01
1.712697148323059082e-01
1.751457452774047852e-01
1.790218353271484375e-01
1.828979253768920898e-01
1.867738962173461914e-01
1.906499266624450684e-01
1.945260167121887207e-01
1.984019875526428223e-01
2.022781372070312500e-01
2.061541676521301270e-01
2.100301980972290039e-01
2.139061689376831055e-01
2.155721783638000488e-01
2.150278687477111816e-01
2.144836783409118652e-01
2.139393687248229980e-01
2.133951187133789062e-01
2.128508687019348145e-01
2.123066186904907227e-01
2.117623090744018555e-01
2.112181186676025391e-01
2.106738686561584473e-01
2.101296186447143555e-01
2.095853090286254883e-01
2.090410590171813965e-01
2.084968090057373047e-01
2.079525589942932129e-01
2.074083089828491211e-01
2.068640589714050293e-01
2.049415707588195801e-01
2.027432918548583984e-01
2.005450725555419922e-01
1.983469128608703613e-01
1.961488127708435059e-01
1.939505338668823242e-01
1.917523741722106934e-01
1.895542144775390625e-01
1.873560547828674316e-01
1.851578354835510254e-01
1.829595565795898438e-01
1.807614564895629883e-01
1.785631775856018066e-01
1.763649582862854004e-01
1.741667985916137695e-01
1.719686985015869141e-01
1.701614856719970703e-01
1.703097224235534668e-01
1.704578995704650879e-01
1.706061363220214844e-01
1.707542538642883301e-01
1.709024906158447266e-01
1.710506677627563477e-01
1.711988449096679688e-01
1.713471412658691406e-01
1.714953184127807617e-01
1.716434955596923828e-01
1.717917323112487793e-01
1.719398498535156250e-01
1.720880866050720215e-01
1.722362637519836426e-01
1.723845005035400391e-01
1.725326776504516602e-01
1.764670610427856445e-01
1.841880679130554199e-01
1.919087171554565430e-01
1.996294856071472168e-01
2.073501348495483398e-01
2.150711417198181152e-01
2.227919101715087891e-01
2.305127382278442383e-01
2.382336258888244629e-01
2.459543943405151367e-01
2.536751031875610352e-01
2.613958120346069336e-01
2.691168189048767090e-01
2.768375873565673828e-01
2.845582962036132812e-01
2.922793030738830566e-01
3.000000119209289551e-01
2.978548407554626465e-01
2.937363982200622559e-01
2.896177768707275391e-01
2.854993343353271484e-01
2.813808917999267578e-01
2.772623300552368164e-01
2.731438279151916504e-01
2.690253853797912598e-01
2.649069428443908691e-01
2.607883214950561523e-01
2.566698789596557617e-01
2.525514364242553711e-01
2.484329938888549805e-01
2.443143725395202637e-01
2.401959300041198730e-01
2.360774874687194824e-01
2.312282919883728027e-01
2.227258682250976562e-01
2.142234444618225098e-01
2.057210803031921387e-01
1.972184181213378906e-01
1.887159943580627441e-01
1.802136898040771484e-01
1.717109680175781250e-01
1.632086038589477539e-01
1.547061800956726074e-01
1.462038159370422363e-01
1.377012133598327637e-01
1.291988492012023926e-01
1.206964254379272461e-01
1.121937632560729980e-01
1.036913394927978516e-01
9.518891572952270508e-02
9.295165538787841797e-02
9.698009490966796875e-02
1.010083556175231934e-01
1.050366163253784180e-01
1.090649366378784180e-01
1.130933165550231934e-01
1.171215772628784180e-01
1.211498379707336426e-01
1.251782774925231934e-01
1.292065382003784180e-01
1.332347393035888672e-01
1.372631192207336426e-01
1.412914991378784180e-01
1.453197598457336426e-01
1.493479609489440918e-01
1.533764004707336426e-01
1.574046015739440918e-01
1.600913405418395996e-01
1.625096201896667480e-01
1.649280190467834473e-01
1.673463582992553711e-01
1.697646975517272949e-01
1.721830368041992188e-01
1.746013760566711426e-01
1.770197153091430664e-01
1.794381141662597656e-01
1.818563938140869141e-01
1.842747926712036133e-01
1.866931319236755371e-01
1.891114115715026855e-01
1.915297508239746094e-01
1.939481496810913086e-01
1.963664889335632324e-01
1.980146169662475586e-01
1.958118677139282227e-01
1.936089992523193359e-01
1.914061903953552246e-01
1.892032027244567871e-01
1.870005130767822266e-01
1.847976446151733398e-01
1.825947761535644531e-01
1.803919672966003418e-01
1.781890988349914551e-01
1.759862899780273438e-01
1.737834215164184570e-01
1.715805530548095703e-01
1.693778634071350098e-01
1.671749353408813477e-01
1.649721264839172363e-01
1.627692580223083496e-01
1.593859791755676270e-01
1.548220515251159668e-01
1.502583026885986328e-01
1.456944942474365234e-01
1.411307454109191895e-01
1.365668177604675293e-01
1.320030689239501953e-01
1.274393200874328613e-01
1.228754520416259766e-01
1.183116436004638672e-01
1.137478351593017578e-01
1.091840267181396484e-01
1.046200990676879883e-01
1.000563502311706543e-01
9.549260139465332031e-02
9.092879295349121094e-02
8.636486530303955078e-02
8.410501480102539062e-02
8.230596780776977539e-02
8.050680160522460938e-02
7.870769500732421875e-02
7.690864801406860352e-02
7.510960102081298828e-02
7.331037521362304688e-02
7.151132822036743164e-02
6.971228122711181641e-02
6.791305541992187500e-02
6.611406803131103516e-02
6.431496143341064453e-02
6.251585483551025391e-02
6.071680784225463867e-02
5.891770124435424805e-02
5.711859464645385742e-02
5.659383535385131836e-02
6.244027614593505859e-02
6.828683614730834961e-02
7.413339614868164062e-02
7.998013496398925781e-02
8.582663536071777344e-02
9.167313575744628906e-02
9.751969575881958008e-02
1.033664345741271973e-01
1.092129945755004883e-01
1.150594949722290039e-01
1.209062337875366211e-01
1.267527341842651367e-01
1.325992941856384277e-01
1.384458541870117188e-01
1.442925930023193359e-01
1.501390933990478516e-01
1.536727547645568848e-01
1.548933982849121094e-01
1.561141014099121094e-01
1.573347449302673340e-01
1.585553884506225586e-01
1.597760915756225586e-01
1.609966754913330078e-01
1.622173786163330078e-01
1.634380221366882324e-01
1.646586060523986816e-01
1.658793687820434570e-01
1.670999526977539062e-01
1.683206558227539062e-01
1.695412993431091309e-01
1.707619428634643555e-01
1.719825863838195801e-01
1.732032299041748047e-01
1.721928119659423828e-01
1.707361340522766113e-01
1.692793965339660645e-01
1.678226590156555176e-01
1.663658618927001953e-01
1.649091839790344238e-01
1.634525060653686523e-01
1.619957685470581055e-01
1.605390310287475586e-01
1.590822339057922363e-01
1.576256155967712402e-01
1.561688184738159180e-01
1.547120809555053711e-01
1.532554030418395996e-01
1.517986655235290527e-01
1.503419280052185059e-01
1.484926342964172363e-01
1.446797847747802734e-01
1.408668756484985352e-01
1.370542049407958984e-01
1.332412958145141602e-01
1.294286847114562988e-01
1.256158351898193359e-01
1.218029856681823730e-01
1.179903149604797363e-01
1.141774058341979980e-01
1.103645563125610352e-01
1.065518856048583984e-01
1.027390360832214355e-01
9.892612695693969727e-02
9.511351585388183594e-02
9.130060672760009766e-02
8.748799562454223633e-02
8.315193653106689453e-02
7.829266786575317383e-02
7.343357801437377930e-02
6.857430934906005859e-02
6.371498107910156250e-02
5.885601043701171875e-02
5.399674177169799805e-02
4.913741350173950195e-02
4.427838325500488281e-02
3.941911458969116211e-02
3.455978631973266602e-02
2.970081567764282227e-02
2.484148740768432617e-02
1.998245716094970703e-02
1.512318849563598633e-02
1.026391983032226562e-02
5.404859781265258789e-03
7.241249084472656250e-03
1.041707396507263184e-02
1.359266042709350586e-02
1.676845550537109375e-02
1.994425058364868164e-02
2.311992645263671875e-02
2.629572153091430664e-02
2.947121858596801758e-02
3.264707326889038086e-02
3.582286834716796875e-02
3.899842500686645508e-02
4.217427968978881836e-02
4.535007476806640625e-02
4.852569103240966797e-02
5.170142650604248047e-02
5.487728118896484375e-02
5.824077129364013672e-02
6.254392862319946289e-02
6.684726476669311523e-02
7.115024328231811523e-02
7.545340061187744141e-02
7.975643873214721680e-02
8.405965566635131836e-02
8.836293220520019531e-02
9.266591072082519531e-02
9.696918725967407227e-02
1.012723445892333984e-01
1.055753827095031738e-01
1.098785996437072754e-01
1.141818761825561523e-01
1.184848546981811523e-01
1.227880716323852539e-01
1.270910501480102539e-01
1.295716762542724609e-01
1.302295923233032227e-01
1.308873891830444336e-01
1.315452456474304199e-01
1.322031617164611816e-01
1.328609585762023926e-01
1.335188150405883789e-01
1.341766715049743652e-01
1.348344683647155762e-01
1.354922652244567871e-01
1.361501216888427734e-01
1.368079781532287598e-01
1.374658346176147461e-01
1.381236314773559570e-01
1.387814879417419434e-01
1.394393444061279297e-01
1.400971412658691406e-01
1.418007016181945801e-01
1.437133550643920898e-01
1.456260085105895996e-01
1.475387811660766602e-01
1.494514346122741699e-01
1.513640284538269043e-01
1.532767415046691895e-01
1.551892757415771484e-01
1.571021080017089844e-01
1.590147614479064941e-01
1.609273552894592285e-01
1.628401279449462891e-01
1.647528409957885742e-01
1.666653752326965332e-01
1.685781478881835938e-01
1.704908609390258789e-01
1.717701554298400879e-01
1.698825955390930176e-01
1.679950952529907227e-01
1.661075353622436523e-01
1.642198562622070312e-01
1.623323559761047363e-01
1.604448556900024414e-01
1.585572361946105957e-01
1.566696763038635254e-01
1.547821164131164551e-01
1.528945565223693848e-01
1.510070562362670898e-01
1.491194367408752441e-01
1.472318172454833984e-01
1.453443169593811035e-01
1.434568166732788086e-01
1.415693163871765137e-01
1.406536102294921875e-01
1.407099366188049316e-01
1.407663226127624512e-01
1.408225893974304199e-01
1.408788561820983887e-01
1.409351825714111328e-01
1.409916281700134277e-01
1.410478949546813965e-01
1.411042213439941406e-01
1.411605477333068848e-01
1.412168741226196289e-01
1.412732601165771484e-01
1.413295269012451172e-01
1.413858532905578613e-01
1.414422392845153809e-01
1.414985060691833496e-01
1.415548324584960938e-01
1.415643095970153809e-01
1.415643095970153809e-01
1.415643095970153809e-01
1.415643095970153809e-01
1.415643095970153809e-01
1.415643095970153809e-01
1.415643095970153809e-01
1.415643095970153809e-01
