-8.238525986671447754e-01
-8.183036446571350098e-01
-8.191642761230468750e-01
-8.264060616493225098e-01
-8.273943662643432617e-01
-8.261671662330627441e-01
-8.259173035621643066e-01
-8.334497809410095215e-01
-8.354780673980712891e-01
-8.290151953697204590e-01
-8.261133432388305664e-01
-8.208355903625488281e-01
-8.153702616691589355e-01
-8.049556612968444824e-01
-7.923576235771179199e-01
-7.782065272331237793e-01
-7.588307261466979980e-01
-7.387300133705139160e-01
-7.185945510864257812e-01
-6.943184137344360352e-01
-6.702339053153991699e-01
-6.449649333953857422e-01
-6.216429471969604492e-01
-5.978134870529174805e-01
-5.704656243324279785e-01
-5.448370575904846191e-01
-5.233692526817321777e-01
-4.999581575393676758e-01
-4.779685139656066895e-01
-4.579067230224609375e-01
-4.412695169448852539e-01
-4.276919960975646973e-01
-4.129201173782348633e-01
-4.005795121192932129e-01
-3.908132910728454590e-01
-3.840469717979431152e-01
-3.767454326152801514e-01
-3.669316172599792480e-01
-3.593475818634033203e-01
-3.513708710670471191e-01
-3.425426185131072998e-01
-3.312513530254364014e-01
-3.222157061100006104e-01
-3.127585947513580322e-01
-3.028855621814727783e-01
-2.945256233215332031e-01
-2.859305739402770996e-01
-2.805469930171966553e-01
-2.739895284175872803e-01
-2.689611911773681641e-01
-2.639713585376739502e-01
-2.585332989692687988e-01
-2.558225691318511963e-01
-2.537339329719543457e-01
-2.535303533077239990e-01
-2.545655071735382080e-01
-2.577305436134338379e-01
-2.634199559688568115e-01
-2.706598341464996338e-01
-2.813470065593719482e-01
-2.914220690727233887e-01
-3.038105368614196777e-01
-3.168393373489379883e-01
-3.291256129741668701e-01
-3.407708108425140381e-01
-3.523293435573577881e-01
-3.630527853965759277e-01
-3.727934956550598145e-01
-3.805655539035797119e-01
-3.887580931186676025e-01
-3.962806463241577148e-01
-4.025001823902130127e-01
-4.060833752155303955e-01
-4.117500483989715576e-01
-4.153893291950225830e-01
-4.201968908309936523e-01
-4.234030842781066895e-01
-4.276775121688842773e-01
-4.313468039035797119e-01
-4.334618449211120605e-01
-4.365572035312652588e-01
-4.398534893989562988e-01
-4.429772198200225830e-01
-4.446671307086944580e-01
-4.467145502567291260e-01
-4.483907818794250488e-01
-4.512516260147094727e-01
-4.533910751342773438e-01
-4.562680721282958984e-01
-4.579179883003234863e-01
-4.611141681671142578e-01
-4.623446464538574219e-01
-4.649709165096282959e-01
-4.667111337184906006e-01
-4.687381684780120850e-01
-4.691801071166992188e-01
-4.709589481353759766e-01
-4.712973535060882568e-01
-4.716641902923583984e-01
-4.713384211063385010e-01
-4.712571203708648682e-01
-4.702665805816650391e-01
-4.688650369644165039e-01
-4.664905369281768799e-01
-4.644268751144409180e-01
-4.609402120113372803e-01
-4.583663940429687500e-01
-4.547355473041534424e-01
-4.497120380401611328e-01
-4.442270696163177490e-01
-4.385583698749542236e-01
-4.310227036476135254e-01
-4.248535931110382080e-01
-4.171058535575866699e-01
-4.087038040161132812e-01
-3.992000222206115723e-01
-3.899164199829101562e-01
-3.817637860774993896e-01
-3.722893595695495605e-01
-3.625028431415557861e-01
-3.538539111614227295e-01
-3.451034426689147949e-01
-3.343255221843719482e-01
-3.247104883193969727e-01
-3.156726062297821045e-01
-3.067500889301300049e-01
-2.971501350402832031e-01
-2.876298129558563232e-01
-2.779547274112701416e-01
-2.698410153388977051e-01
-2.607105672359466553e-01
-2.527666985988616943e-01
-2.441808134317398071e-01
-2.372323721647262573e-01
-2.288799583911895752e-01
-2.216836661100387573e-01
-2.140768021345138550e-01
-2.066311985254287720e-01
-1.989262849092483521e-01
-1.905223429203033447e-01
-1.822826564311981201e-01
-1.730899959802627563e-01
-1.632442772388458252e-01
-1.533701568841934204e-01
-1.424365043640136719e-01
-1.318157017230987549e-01
-1.208649575710296631e-01
-1.095972880721092224e-01
-9.850409626960754395e-02
-8.682343363761901855e-02
-7.691937685012817383e-02
-6.357363611459732056e-02
-4.915835335850715637e-02
-3.586430475115776062e-02
-2.118878625333309174e-02
-7.857850752770900726e-03
5.798494908958673477e-03
1.879827305674552917e-02
3.132657334208488464e-02
4.226226732134819031e-02
5.400880798697471619e-02
6.417893618345260620e-02
7.481548935174942017e-02
8.239111304283142090e-02
9.077817201614379883e-02
9.985085576772689819e-02
1.071221306920051575e-01
1.135709285736083984e-01
1.181702017784118652e-01
1.227925419807434082e-01
1.259739995002746582e-01
1.282227188348770142e-01
1.297496706247329712e-01
1.316516697406768799e-01
1.322166323661804199e-01
1.333073526620864868e-01
1.343909651041030884e-01
1.343113780021667480e-01
1.349820643663406372e-01
1.356990933418273926e-01
1.363576799631118774e-01
1.362314820289611816e-01
1.358021497726440430e-01
1.359734833240509033e-01
1.355304867029190063e-01
1.349887400865554810e-01
1.347648054361343384e-01
1.327189356088638306e-01
1.321091949939727783e-01
1.304907202720642090e-01
1.287033408880233765e-01
1.264751553535461426e-01
1.245520785450935364e-01
1.223171874880790710e-01
1.201407909393310547e-01
1.173763051629066467e-01
1.160556897521018982e-01
1.139579564332962036e-01
1.114225164055824280e-01
1.099656745791435242e-01
1.098493337631225586e-01
1.069882661104202271e-01
1.052722632884979248e-01
1.031754538416862488e-01
1.014422327280044556e-01
1.012693718075752258e-01
9.894591569900512695e-02
9.868250042200088501e-02
9.719641506671905518e-02
9.603817760944366455e-02
9.528878331184387207e-02
9.341683238744735718e-02
9.289997816085815430e-02
9.285489469766616821e-02
9.189020097255706787e-02
9.202615171670913696e-02
9.253622591495513916e-02
9.264659136533737183e-02
9.307870268821716309e-02
9.404272586107254028e-02
9.480690211057662964e-02
9.465938061475753784e-02
9.530344605445861816e-02
9.680113196372985840e-02
9.646499902009963989e-02
9.645436704158782959e-02
9.743228554725646973e-02
9.656982123851776123e-02
9.695317596197128296e-02
9.638397395610809326e-02
9.626346826553344727e-02
9.664154052734375000e-02
9.673841297626495361e-02
9.595077484846115112e-02
9.581913799047470093e-02
9.448381513357162476e-02
9.424969553947448730e-02
9.302412718534469604e-02
9.223853796720504761e-02
9.018481522798538208e-02
8.995193988084793091e-02
8.845734596252441406e-02
8.661769330501556396e-02
8.500244468450546265e-02
8.391871303319931030e-02
8.158887177705764771e-02
7.970621436834335327e-02
7.712969183921813965e-02
7.660960406064987183e-02
7.428257912397384644e-02
7.149650156497955322e-02
6.902486830949783325e-02
6.643722206354141235e-02
6.385504454374313354e-02
6.146445870399475098e-02
5.844325944781303406e-02
5.598165094852447510e-02
5.299745872616767883e-02
5.026701837778091431e-02
4.769353196024894714e-02
4.571399465203285217e-02
4.291471093893051147e-02
4.018875584006309509e-02
3.756657242774963379e-02
3.512146323919296265e-02
3.327476978302001953e-02
3.025099635124206543e-02
2.787673659622669220e-02
2.553397975862026215e-02
2.341707423329353333e-02
2.140261419117450714e-02
1.880067400634288788e-02
1.731294766068458557e-02
1.547110732644796371e-02
1.344098802655935287e-02
1.262974832206964493e-02
1.152210962027311325e-02
9.753838181495666504e-03
9.145951829850673676e-03
7.747239433228969574e-03
7.215403020381927490e-03
7.101993542164564133e-03
7.398529909551143646e-03
6.527286488562822342e-03
7.203801069408655167e-03
7.310756016522645950e-03
8.600733242928981781e-03
9.970491752028465271e-03
1.178543083369731903e-02
1.494347210973501205e-02
1.964082010090351105e-02
2.396134845912456512e-02
2.972023002803325653e-02
3.631937876343727112e-02
4.359271749854087830e-02
5.017295107245445251e-02
5.704184249043464661e-02
6.463348865509033203e-02
7.105716317892074585e-02
7.888656854629516602e-02
8.475641906261444092e-02
9.135953336954116821e-02
9.786788374185562134e-02
1.030678227543830872e-01
1.079525500535964966e-01
1.122042909264564514e-01
1.154068931937217712e-01
1.179051026701927185e-01
1.205171868205070496e-01
1.222356036305427551e-01
1.238886713981628418e-01
1.253140568733215332e-01
1.266983449459075928e-01
1.265085488557815552e-01
1.250312030315399170e-01
1.216986775398254395e-01
1.186502650380134583e-01
1.147725656628608704e-01
1.100034937262535095e-01
1.080469936132431030e-01
1.061342731118202209e-01
1.056835204362869263e-01
1.067995578050613403e-01
1.082422062754631042e-01
1.103919222950935364e-01
1.131218671798706055e-01
1.165947392582893372e-01
1.185787767171859741e-01
1.212131753563880920e-01
1.240682378411293030e-01
1.250068098306655884e-01
1.249524950981140137e-01
1.246279850602149963e-01
1.230516731739044189e-01
1.209492832422256470e-01
1.201338768005371094e-01
1.180781349539756775e-01
1.162589862942695618e-01
1.154411882162094116e-01
1.132440045475959778e-01
1.110284999012947083e-01
1.097926273941993713e-01
1.075005158782005310e-01
1.050787121057510376e-01
1.031367778778076172e-01
1.005257889628410339e-01
9.804161638021469116e-02
9.585028886795043945e-02
9.321517497301101685e-02
9.043662250041961670e-02
8.809486776590347290e-02
8.575072139501571655e-02
8.338241279125213623e-02
8.052999526262283325e-02
7.897806912660598755e-02
7.674049586057662964e-02
7.530218362808227539e-02
7.319355756044387817e-02
7.139696180820465088e-02
7.103595137596130371e-02
7.011099904775619507e-02
6.827168911695480347e-02
6.592930853366851807e-02
6.508126854896545410e-02
6.379593908786773682e-02
6.211994215846061707e-02
6.141223758459091187e-02
5.959547311067581177e-02
5.775454267859458923e-02
5.594550445675849915e-02
5.410227924585342407e-02
5.117834731936454773e-02
4.934159293770790100e-02
4.870282486081123352e-02
4.760234802961349487e-02
4.662892222404479980e-02
4.649458453059196472e-02
4.631467536091804504e-02
4.643688723444938660e-02
4.676060006022453308e-02
4.756266996264457703e-02
4.817836359143257141e-02
4.950162395834922791e-02
5.228060111403465271e-02
5.617091059684753418e-02
6.232479587197303772e-02
6.796059757471084595e-02
7.512438297271728516e-02
8.216220885515213013e-02
8.998077362775802612e-02
9.779570251703262329e-02
1.086212098598480225e-01
1.195283904671669006e-01
1.316498517990112305e-01
1.452634483575820923e-01
1.600417494773864746e-01
1.747682839632034302e-01
1.898880004882812500e-01
2.057302594184875488e-01
2.220905274152755737e-01
2.380423098802566528e-01
2.529567480087280273e-01
2.689707577228546143e-01
2.835000157356262207e-01
2.962568700313568115e-01
3.089894354343414307e-01
3.196499645709991455e-01
3.298034071922302246e-01
3.387313783168792725e-01
3.457941710948944092e-01
3.539365231990814209e-01
3.592438399791717529e-01
3.648348748683929443e-01
3.682341575622558594e-01
3.728370368480682373e-01
3.740130662918090820e-01
3.746450543403625488e-01
3.749174177646636963e-01
3.733952939510345459e-01
3.707188963890075684e-01
3.686605095863342285e-01
3.650501966476440430e-01
3.599861264228820801e-01
3.569420278072357178e-01
3.527006208896636963e-01
3.476836085319519043e-01
3.433587551116943359e-01
3.398185968399047852e-01
3.349536657333374023e-01
3.302619159221649170e-01
3.266497850418090820e-01
3.211182355880737305e-01
3.172089457511901855e-01
3.128744959831237793e-01
3.077841401100158691e-01
3.032297790050506592e-01
2.982034385204315186e-01
2.941413223743438721e-01
2.885914146900177002e-01
2.850844562053680420e-01
2.809328138828277588e-01
2.765744030475616455e-01
2.732191383838653564e-01
2.700730562210083008e-01
2.661531269550323486e-01
2.634428441524505615e-01
2.597444355487823486e-01
2.566888928413391113e-01
2.544827461242675781e-01
2.522520720958709717e-01
2.501009404659271240e-01
2.485971599817276001e-01
2.484316527843475342e-01
2.469545304775238037e-01
2.471701800823211670e-01
2.467038184404373169e-01
2.456181496381759644e-01
2.470704168081283569e-01
2.476573139429092407e-01
2.489827424287796021e-01
2.496633380651473999e-01
2.527479529380798340e-01
2.552982866764068604e-01
2.580062448978424072e-01
2.601611912250518799e-01
2.640848159790039062e-01
2.673844993114471436e-01
2.708074152469635010e-01
2.743576765060424805e-01
2.771243453025817871e-01
2.818658053874969482e-01
2.862630486488342285e-01
2.902580201625823975e-01
2.945346236228942871e-01
2.989368438720703125e-01
3.038381934165954590e-01
3.077545166015625000e-01
3.119332492351531982e-01
3.165242671966552734e-01
3.210646808147430420e-01
3.245210647583007812e-01
3.291137516498565674e-01
3.330047130584716797e-01
3.377046585083007812e-01
3.414585292339324951e-01
3.463941514492034912e-01
3.500459790229797363e-01
3.532719016075134277e-01
3.565674722194671631e-01
3.587728440761566162e-01
3.621830642223358154e-01
3.625583946704864502e-01
3.649046421051025391e-01
3.672621846199035645e-01
3.699782192707061768e-01
3.717385828495025635e-01
3.723278641700744629e-01
3.740089237689971924e-01
3.752464950084686279e-01
3.767563700675964355e-01
3.757709562778472900e-01
3.781417012214660645e-01
3.786219358444213867e-01
3.784921765327453613e-01
3.784909546375274658e-01
3.790619373321533203e-01
3.787387907505035400e-01
3.779941201210021973e-01
3.787646889686584473e-01
3.783651888370513916e-01
3.769963383674621582e-01
3.763256072998046875e-01
3.752136230468750000e-01
3.731547296047210693e-01
3.716693818569183350e-01
3.704092800617218018e-01
3.675927221775054932e-01
3.656425476074218750e-01
3.639358878135681152e-01
3.612212240695953369e-01
3.582638800144195557e-01
3.556905388832092285e-01
3.543911874294281006e-01
3.492728173732757568e-01
3.468717634677886963e-01
3.431658148765563965e-01
3.385751545429229736e-01
3.345959484577178955e-01
3.318234384059906006e-01
3.289306163787841797e-01
3.254639208316802979e-01
3.220996558666229248e-01
3.195124864578247070e-01
3.170205950736999512e-01
3.130541145801544189e-01
3.100168704986572266e-01
3.075394630432128906e-01
3.060735166072845459e-01
3.023776412010192871e-01
2.990793585777282715e-01
2.968175113201141357e-01
2.958609461784362793e-01
2.928212881088256836e-01
2.903364300727844238e-01
2.866976857185363770e-01
2.856007516384124756e-01
2.825435101985931396e-01
2.797752320766448975e-01
2.767806649208068848e-01
2.756854891777038574e-01
2.729417681694030762e-01
2.713018059730529785e-01
2.690600454807281494e-01
2.670773863792419434e-01
2.666503489017486572e-01
2.645445168018341064e-01
2.638183832168579102e-01
2.628864943981170654e-01
2.618987560272216797e-01
2.605618536472320557e-01
2.602015435695648193e-01
2.595656514167785645e-01
2.600860893726348877e-01
2.607246637344360352e-01
2.616350054740905762e-01
2.624225616455078125e-01
2.631433308124542236e-01
2.638423442840576172e-01
2.652762532234191895e-01
2.675780057907104492e-01
2.727132439613342285e-01
2.747695446014404297e-01
2.806202471256256104e-01
2.861799597740173340e-01
2.917126715183258057e-01
2.981826364994049072e-01
3.041686713695526123e-01
3.119107782840728760e-01
3.185119628906250000e-01
3.266271650791168213e-01
3.322392106056213379e-01
3.408150672912597656e-01
3.473769426345825195e-01
3.560786247253417969e-01
3.645972013473510742e-01
3.729558587074279785e-01
3.788415193557739258e-01
3.860390484333038330e-01
3.938848972320556641e-01
4.030823409557342529e-01
4.088186323642730713e-01
4.132948517799377441e-01
4.154307544231414795e-01
4.167960882186889648e-01
4.204246103763580322e-01
4.223778247833251953e-01
4.196876883506774902e-01
4.210781455039978027e-01
4.237263798713684082e-01
4.302663207054138184e-01
4.361932873725891113e-01
4.405390620231628418e-01
4.452421963214874268e-01
4.526928365230560303e-01
4.533865153789520264e-01
4.513146877288818359e-01
4.493745863437652588e-01
4.473384916782379150e-01
4.436402320861816406e-01
4.387238025665283203e-01
4.382336139678955078e-01
4.352842271327972412e-01
4.350324571132659912e-01
4.317153990268707275e-01
4.297830462455749512e-01
4.289009571075439453e-01
4.285233914852142334e-01
4.291067123413085938e-01
4.287298619747161865e-01
4.304790794849395752e-01
4.320333898067474365e-01
4.348506033420562744e-01
4.379056692123413086e-01
4.378024339675903320e-01
4.367574751377105713e-01
4.326522648334503174e-01
4.300791323184967041e-01
4.274662435054779053e-01
4.250273108482360840e-01
4.226222038269042969e-01
4.237878918647766113e-01
4.208564460277557373e-01
4.227423369884490967e-01
4.247247576713562012e-01
4.250339269638061523e-01
4.250491857528686523e-01
4.248498082160949707e-01
4.250061511993408203e-01
4.264646470546722412e-01
4.260292351245880127e-01
4.259058535099029541e-01
4.246138930320739746e-01
4.262942373752593994e-01
4.252640902996063232e-01
4.261171817779541016e-01
4.263322949409484863e-01
4.285567998886108398e-01
4.301446080207824707e-01
4.318649768829345703e-01
4.347771406173706055e-01
4.370234608650207520e-01
4.385671615600585938e-01
4.417920708656311035e-01
4.446557760238647461e-01
4.485919773578643799e-01
4.526974558830261230e-01
4.536224603652954102e-01
4.585479199886322021e-01
4.589723050594329834e-01
4.604331552982330322e-01
4.627048671245574951e-01
4.704311490058898926e-01
4.752058684825897217e-01
4.764955937862396240e-01
4.791221618652343750e-01
4.801793396472930908e-01
4.829139113426208496e-01
4.854381680488586426e-01
4.889298975467681885e-01
4.926709234714508057e-01
4.989466667175292969e-01
4.996122717857360840e-01
5.040509700775146484e-01
5.062466263771057129e-01
5.104586482048034668e-01
5.101389884948730469e-01
5.151036977767944336e-01
5.150378346443176270e-01
5.167638659477233887e-01
5.242374539375305176e-01
5.299017429351806641e-01
5.319268703460693359e-01
5.357125401496887207e-01
5.376709699630737305e-01
5.395915508270263672e-01
5.422646403312683105e-01
5.459018349647521973e-01
5.471754670143127441e-01
5.486539602279663086e-01
5.512943863868713379e-01
5.478623509407043457e-01
5.514914393424987793e-01
5.543062686920166016e-01
5.534855127334594727e-01
5.558418035507202148e-01
5.545638799667358398e-01
5.558448433876037598e-01
5.597360730171203613e-01
5.545485019683837891e-01
5.555021166801452637e-01
